1
2
3
4
5
6
7
8
9
10
11
12
13
14
15
16
17
18
19
20
21
22
23
24
25
26
27
28
29
30
31
32
33
34
35
36
37
38
39
40
41
42
43
44
45
46
47
48
49
50
51
52
53
54
55
56
57
58
59
60
61
62
63
64
65
66
67
68
69
70
71
72
73
74
75
76
77
78
79
80
81
82
83
84
85
86
87
88
89
90
91
92
93
94
95
96
97
98
99
100
101
102
103
104
105
106
107
108
109
110
111
112
113
114
115
116
117
118
119
120
121
122
123
124
125
126
127
128
129
130
131
132
133
134
135
136
137
138
139
140
141
142
143
144
145
146
147
148
149
150
151
152
153
154
155
156
157
158
159
160
161
162
163
164
165
166
167
168
169
170
171
172
173
174
175
176
177
178
179
180
181
182
183
184
185
186
187
188
189
190
191
192
193
194
195
196
197
198
199
200
201
202
203
204
205
206
207
208
209
210
211
212
213
214
215
216
217
218
219
220
221
222
223
224
225
226
227
228
229
230
231
232
233
234
235
236
237
238
239
240
241
242
243
244
245
246
247
248
249
250
251
252
253
254
255
256
257
258
259
260
261
262
263
264
265
266
267
268
269
270
271
272
273
274
275
276
277
278
279
280
281
282
283
284
285
286
287
288
289
290
291
292
293
294
295
296
297
298
299
300
301
302
303
304
305
306
307
308
309
310
311
312
313
314
315
316
317
318
319
320
321
322
323
324
325
326
327
328
329
330
331
332
333
334
335
336
337
338
339
340
341
342
343
344
345
346
347
348
349
350
351
352
353
354
355
356
357
358
359
360
361
362
363
364
365
366
367
368
369
370
371
372
373
374
375
376
377
378
379
380
381
382
383
384
385
386
387
388
389
390
391
392
393
394
395
396
397
398
399
400
401
402
403
404
405
406
407
408
409
410
411
412
413
414
415
416
417
418
419
420
421
422
423
424
425
426
427
428
429
430
431
432
433
434
435
436
437
438
439
440
441
442
443
444
445
446
447
448
449
450
451
452
453
454
455
456
457
458
459
460
461
462
463
464
465
466
467
468
469
470
471
472
473
474
475
476
477
478
479
480
481
482
483
484
485
486
487
488
489
490
491
492
493
494
495
496
497
498
499
500
501
502
503
504
505
506
507
508
509
510
511
512
513
514
515
516
517
518
519
520
521
522
523
524
525
526
527
528
529
530
531
532
533
534
535
536
537
538
539
540
541
542
543
544
545
546
547
548
549
550
551
552
553
554
555
556
557
558
559
560
561
562
563
564
565
566
567
568
569
570
571
572
573
574
575
576
577
578
579
580
581
582
583
584
585
586
587
588
589
590
591
592
593
594
595
596
597
598
599
600
601
602
603
604
605
606
607
608
609
610
611
612
613
614
615
616
617
618
619
620
621
622
623
624
625
626
627
628
629
630
631
632
633
634
635
636
637
638
639
640
641
642
643
644
645
646
647
648
649
650
651
652
653
654
655
656
657
658
659
660
661
662
663
664
665
666
667
668
669
670
671
672
673
674
675
676
677
678
679
680
681
682
683
684
685
686
687
688
689
690
691
692
693
694
695
696
697
698
699
N1
N2
N3
N5
N7
N8
N9
N11
N13
N15
N16
N18
N19
N20
N21
N22
N25
N26
N28
N29
N31
N32
N33
N34
N35
N36
N37
N38
N41
N44
N47
N50
N52
N55
N63
N65
N68
N72
N73
N74
N76
N77
N78
N79
N83
N86
N87
N89
N91
N92
N96
N97
N98
N102
N109
N113
N116
N133
N136
N137
N140
N144
N148
N149
N155
N159
N171
N172
N176
N177
N181
N188
N199
N205
N207
N210
N211
N213
N214
N221
N222
N226
N228
N230
N235
N236
N242
N243
N247
N249
N250
N251
N253
N257
N259
N260
N261
N262
N263
N265
N266
N267
N271
N272
N277
N279
N281
N283
N285
N289
N291
N295
N297
N303
N313
N321
N331
N343
N345
N349
N356
N363
N365
N369
N372
N376
N381
N382
N390
N393
X26
X68
X140
SL1
SL2
SL3
SL4
SL5
SL6
SL7
SL8
SL9
E1
E2
E3
E5
E6
E7
E8
E9
E10
E11
EL1
EL2
EL3
H9
H10
H11
H12
H13
H14
H17
H18
H19
H20
H22
H25
H26
H28
H32
H37
H91
H98
K1
K2
K3
K4
K5
P4
P5
P12
P13
R1
R2
R3
R4
R5
R6
R7
R8
R9
R10
RB1
RB2
RB3
RB4
RB5
RB6
S1
S2
S3
S4
T31
T32
T33
U1
U2
U3
U4
U5
U7
U9
W3
W4
W5
W6
W7
W8
W9
W10
W11
W12
W13
W14
W15
W16
